solid OpenSCAD_Model
  facet normal 0 1 -0
    outer loop
      vertex 2.57843 3.75 -2.5
      vertex -2.57843 3.75 2.5
      vertex 2.57843 3.75 2.5
    endloop
  endfacet
  facet normal 0 1 0
    outer loop
      vertex -2.57843 3.75 2.5
      vertex 2.57843 3.75 -2.5
      vertex -2.57843 3.75 -2.5
    endloop
  endfacet
  facet normal 0.707107 0.707107 0
    outer loop
      vertex 3.75 2.57843 2.5
      vertex 2.57843 3.75 -2.5
      vertex 2.57843 3.75 2.5
    endloop
  endfacet
  facet normal 0.707107 0.707107 0
    outer loop
      vertex 2.57843 3.75 -2.5
      vertex 3.75 2.57843 2.5
      vertex 3.75 2.57843 -2.5
    endloop
  endfacet
  facet normal 1 -0 0
    outer loop
      vertex 3.75 -2.57843 2.5
      vertex 3.75 2.57843 -2.5
      vertex 3.75 2.57843 2.5
    endloop
  endfacet
  facet normal 1 0 0
    outer loop
      vertex 3.75 2.57843 -2.5
      vertex 3.75 -2.57843 2.5
      vertex 3.75 -2.57843 -2.5
    endloop
  endfacet
  facet normal -1 0 0
    outer loop
      vertex -3.75 -2.57843 -2.5
      vertex -3.75 2.57843 2.5
      vertex -3.75 2.57843 -2.5
    endloop
  endfacet
  facet normal -1 -0 0
    outer loop
      vertex -3.75 2.57843 2.5
      vertex -3.75 -2.57843 -2.5
      vertex -3.75 -2.57843 2.5
    endloop
  endfacet
  facet normal -0.707107 0.707107 0
    outer loop
      vertex -3.75 2.57843 -2.5
      vertex -2.57843 3.75 2.5
      vertex -2.57843 3.75 -2.5
    endloop
  endfacet
  facet normal -0.707107 0.707107 0
    outer loop
      vertex -2.57843 3.75 2.5
      vertex -3.75 2.57843 -2.5
      vertex -3.75 2.57843 2.5
    endloop
  endfacet
  facet normal 0 -1 0
    outer loop
      vertex -2.57843 -3.75 -2.5
      vertex 2.57843 -3.75 2.5
      vertex -2.57843 -3.75 2.5
    endloop
  endfacet
  facet normal 0 -1 -0
    outer loop
      vertex 2.57843 -3.75 2.5
      vertex -2.57843 -3.75 -2.5
      vertex 2.57843 -3.75 -2.5
    endloop
  endfacet
  facet normal -0.707107 -0.707107 0
    outer loop
      vertex -2.57843 -3.75 -2.5
      vertex -3.75 -2.57843 2.5
      vertex -3.75 -2.57843 -2.5
    endloop
  endfacet
  facet normal -0.707107 -0.707107 0
    outer loop
      vertex -3.75 -2.57843 2.5
      vertex -2.57843 -3.75 -2.5
      vertex -2.57843 -3.75 2.5
    endloop
  endfacet
  facet normal 0.707107 -0.707107 0
    outer loop
      vertex 2.57843 -3.75 2.5
      vertex 3.75 -2.57843 -2.5
      vertex 3.75 -2.57843 2.5
    endloop
  endfacet
  facet normal 0.707107 -0.707107 0
    outer loop
      vertex 3.75 -2.57843 -2.5
      vertex 2.57843 -3.75 2.5
      vertex 2.57843 -3.75 -2.5
    endloop
  endfacet
  facet normal 0 0 1
    outer loop
      vertex 2.03033 2.03033 2.5
      vertex 3.75 2.57843 2.5
      vertex 2.57843 3.75 2.5
    endloop
  endfacet
  facet normal 0 0 1
    outer loop
      vertex 3.75 2.57843 2.5
      vertex 2.25 1.5 2.5
      vertex 3.75 -2.57843 2.5
    endloop
  endfacet
  facet normal -0 0 1
    outer loop
      vertex 2.25 -1.5 2.5
      vertex 3.75 -2.57843 2.5
      vertex 2.25 1.5 2.5
    endloop
  endfacet
  facet normal 0 0 1
    outer loop
      vertex 3.75 2.57843 2.5
      vertex 2.03033 2.03033 2.5
      vertex 2.25 1.5 2.5
    endloop
  endfacet
  facet normal 0 0 1
    outer loop
      vertex 2.57843 3.75 2.5
      vertex 1.5 2.25 2.5
      vertex 2.03033 2.03033 2.5
    endloop
  endfacet
  facet normal 0 0 1
    outer loop
      vertex 2.57843 3.75 2.5
      vertex -1.5 2.25 2.5
      vertex 1.5 2.25 2.5
    endloop
  endfacet
  facet normal 0 0 1
    outer loop
      vertex -2.03033 2.03033 2.5
      vertex -3.75 2.57843 2.5
      vertex -2.25 1.5 2.5
    endloop
  endfacet
  facet normal -0 0 1
    outer loop
      vertex -3.75 2.57843 2.5
      vertex -2.03033 2.03033 2.5
      vertex -2.57843 3.75 2.5
    endloop
  endfacet
  facet normal 0 0 1
    outer loop
      vertex -1.5 2.25 2.5
      vertex -2.57843 3.75 2.5
      vertex -2.03033 2.03033 2.5
    endloop
  endfacet
  facet normal -0 0 1
    outer loop
      vertex -2.57843 3.75 2.5
      vertex -1.5 2.25 2.5
      vertex 2.57843 3.75 2.5
    endloop
  endfacet
  facet normal -0 0 1
    outer loop
      vertex 2.03033 -2.03033 2.5
      vertex 3.75 -2.57843 2.5
      vertex 2.25 -1.5 2.5
    endloop
  endfacet
  facet normal 0 0 1
    outer loop
      vertex 3.75 -2.57843 2.5
      vertex 2.03033 -2.03033 2.5
      vertex 2.57843 -3.75 2.5
    endloop
  endfacet
  facet normal -0 0 1
    outer loop
      vertex 1.5 -2.25 2.5
      vertex 2.57843 -3.75 2.5
      vertex 2.03033 -2.03033 2.5
    endloop
  endfacet
  facet normal -0 0 1
    outer loop
      vertex -1.5 -2.25 2.5
      vertex 2.57843 -3.75 2.5
      vertex 1.5 -2.25 2.5
    endloop
  endfacet
  facet normal 0 0 1
    outer loop
      vertex -1.5 -2.25 2.5
      vertex -2.57843 -3.75 2.5
      vertex 2.57843 -3.75 2.5
    endloop
  endfacet
  facet normal 0 0 1
    outer loop
      vertex -2.03033 -2.03033 2.5
      vertex -2.57843 -3.75 2.5
      vertex -1.5 -2.25 2.5
    endloop
  endfacet
  facet normal 0 0 1
    outer loop
      vertex -3.75 -2.57843 2.5
      vertex -2.03033 -2.03033 2.5
      vertex -2.25 -1.5 2.5
    endloop
  endfacet
  facet normal 0 0 1
    outer loop
      vertex -2.25 1.5 2.5
      vertex -3.75 2.57843 2.5
      vertex -2.25 -1.5 2.5
    endloop
  endfacet
  facet normal 0 0 1
    outer loop
      vertex -3.75 -2.57843 2.5
      vertex -2.25 -1.5 2.5
      vertex -3.75 2.57843 2.5
    endloop
  endfacet
  facet normal 0 0 1
    outer loop
      vertex -2.03033 -2.03033 2.5
      vertex -3.75 -2.57843 2.5
      vertex -2.57843 -3.75 2.5
    endloop
  endfacet
  facet normal 0 0 -1
    outer loop
      vertex 2.03033 -2.03033 -2.5
      vertex 3.75 -2.57843 -2.5
      vertex 2.57843 -3.75 -2.5
    endloop
  endfacet
  facet normal 0 0 -1
    outer loop
      vertex 3.75 -2.57843 -2.5
      vertex 2.25 -1.5 -2.5
      vertex 3.75 2.57843 -2.5
    endloop
  endfacet
  facet normal 0 0 -1
    outer loop
      vertex 2.25 1.5 -2.5
      vertex 3.75 2.57843 -2.5
      vertex 2.25 -1.5 -2.5
    endloop
  endfacet
  facet normal 0 0 -1
    outer loop
      vertex 3.75 -2.57843 -2.5
      vertex 2.03033 -2.03033 -2.5
      vertex 2.25 -1.5 -2.5
    endloop
  endfacet
  facet normal 0 0 -1
    outer loop
      vertex 2.57843 -3.75 -2.5
      vertex 1.5 -2.25 -2.5
      vertex 2.03033 -2.03033 -2.5
    endloop
  endfacet
  facet normal 0 0 -1
    outer loop
      vertex 2.57843 -3.75 -2.5
      vertex -1.5 -2.25 -2.5
      vertex 1.5 -2.25 -2.5
    endloop
  endfacet
  facet normal -0 0 -1
    outer loop
      vertex -2.03033 -2.03033 -2.5
      vertex -3.75 -2.57843 -2.5
      vertex -2.25 -1.5 -2.5
    endloop
  endfacet
  facet normal 0 0 -1
    outer loop
      vertex -3.75 -2.57843 -2.5
      vertex -2.03033 -2.03033 -2.5
      vertex -2.57843 -3.75 -2.5
    endloop
  endfacet
  facet normal -0 0 -1
    outer loop
      vertex -1.5 -2.25 -2.5
      vertex -2.57843 -3.75 -2.5
      vertex -2.03033 -2.03033 -2.5
    endloop
  endfacet
  facet normal 0 0 -1
    outer loop
      vertex -2.57843 -3.75 -2.5
      vertex -1.5 -2.25 -2.5
      vertex 2.57843 -3.75 -2.5
    endloop
  endfacet
  facet normal 0 0 -1
    outer loop
      vertex 2.03033 2.03033 -2.5
      vertex 3.75 2.57843 -2.5
      vertex 2.25 1.5 -2.5
    endloop
  endfacet
  facet normal -0 0 -1
    outer loop
      vertex 3.75 2.57843 -2.5
      vertex 2.03033 2.03033 -2.5
      vertex 2.57843 3.75 -2.5
    endloop
  endfacet
  facet normal 0 0 -1
    outer loop
      vertex 1.5 2.25 -2.5
      vertex 2.57843 3.75 -2.5
      vertex 2.03033 2.03033 -2.5
    endloop
  endfacet
  facet normal 0 0 -1
    outer loop
      vertex -1.5 2.25 -2.5
      vertex 2.57843 3.75 -2.5
      vertex 1.5 2.25 -2.5
    endloop
  endfacet
  facet normal 0 0 -1
    outer loop
      vertex -1.5 2.25 -2.5
      vertex -2.57843 3.75 -2.5
      vertex 2.57843 3.75 -2.5
    endloop
  endfacet
  facet normal 0 0 -1
    outer loop
      vertex -2.03033 2.03033 -2.5
      vertex -2.57843 3.75 -2.5
      vertex -1.5 2.25 -2.5
    endloop
  endfacet
  facet normal 0 0 -1
    outer loop
      vertex -3.75 2.57843 -2.5
      vertex -2.03033 2.03033 -2.5
      vertex -2.25 1.5 -2.5
    endloop
  endfacet
  facet normal -0 0 -1
    outer loop
      vertex -2.25 -1.5 -2.5
      vertex -3.75 -2.57843 -2.5
      vertex -2.25 1.5 -2.5
    endloop
  endfacet
  facet normal 0 0 -1
    outer loop
      vertex -3.75 2.57843 -2.5
      vertex -2.25 1.5 -2.5
      vertex -3.75 -2.57843 -2.5
    endloop
  endfacet
  facet normal 0 0 -1
    outer loop
      vertex -2.03033 2.03033 -2.5
      vertex -3.75 2.57843 -2.5
      vertex -2.57843 3.75 -2.5
    endloop
  endfacet
  facet normal 0 1 -0
    outer loop
      vertex 1.5 -2.25 -2.5
      vertex -1.5 -2.25 2.5
      vertex 1.5 -2.25 2.5
    endloop
  endfacet
  facet normal 0 1 0
    outer loop
      vertex -1.5 -2.25 2.5
      vertex 1.5 -2.25 -2.5
      vertex -1.5 -2.25 -2.5
    endloop
  endfacet
  facet normal 0.382684 0.923879 -0
    outer loop
      vertex -1.5 -2.25 -2.5
      vertex -2.03033 -2.03033 2.5
      vertex -1.5 -2.25 2.5
    endloop
  endfacet
  facet normal 0.382684 0.923879 0
    outer loop
      vertex -2.03033 -2.03033 2.5
      vertex -1.5 -2.25 -2.5
      vertex -2.03033 -2.03033 -2.5
    endloop
  endfacet
  facet normal 0.382684 -0.923879 0
    outer loop
      vertex -2.03033 2.03033 -2.5
      vertex -1.5 2.25 2.5
      vertex -2.03033 2.03033 2.5
    endloop
  endfacet
  facet normal 0.382684 -0.923879 0
    outer loop
      vertex -1.5 2.25 2.5
      vertex -2.03033 2.03033 -2.5
      vertex -1.5 2.25 -2.5
    endloop
  endfacet
  facet normal 0.923879 -0.382684 0
    outer loop
      vertex -2.25 1.5 2.5
      vertex -2.03033 2.03033 -2.5
      vertex -2.03033 2.03033 2.5
    endloop
  endfacet
  facet normal 0.923879 -0.382684 0
    outer loop
      vertex -2.03033 2.03033 -2.5
      vertex -2.25 1.5 2.5
      vertex -2.25 1.5 -2.5
    endloop
  endfacet
  facet normal 0 -1 0
    outer loop
      vertex -1.5 2.25 -2.5
      vertex 1.5 2.25 2.5
      vertex -1.5 2.25 2.5
    endloop
  endfacet
  facet normal 0 -1 -0
    outer loop
      vertex 1.5 2.25 2.5
      vertex -1.5 2.25 -2.5
      vertex 1.5 2.25 -2.5
    endloop
  endfacet
  facet normal -0.382684 -0.923879 0
    outer loop
      vertex 1.5 2.25 -2.5
      vertex 2.03033 2.03033 2.5
      vertex 1.5 2.25 2.5
    endloop
  endfacet
  facet normal -0.382684 -0.923879 -0
    outer loop
      vertex 2.03033 2.03033 2.5
      vertex 1.5 2.25 -2.5
      vertex 2.03033 2.03033 -2.5
    endloop
  endfacet
  facet normal -0.923879 0.382684 0
    outer loop
      vertex 2.03033 -2.03033 -2.5
      vertex 2.25 -1.5 2.5
      vertex 2.25 -1.5 -2.5
    endloop
  endfacet
  facet normal -0.923879 0.382684 0
    outer loop
      vertex 2.25 -1.5 2.5
      vertex 2.03033 -2.03033 -2.5
      vertex 2.03033 -2.03033 2.5
    endloop
  endfacet
  facet normal 1 -0 0
    outer loop
      vertex -2.25 -1.5 2.5
      vertex -2.25 1.5 -2.5
      vertex -2.25 1.5 2.5
    endloop
  endfacet
  facet normal 1 0 0
    outer loop
      vertex -2.25 1.5 -2.5
      vertex -2.25 -1.5 2.5
      vertex -2.25 -1.5 -2.5
    endloop
  endfacet
  facet normal -0.382684 0.923879 0
    outer loop
      vertex 2.03033 -2.03033 -2.5
      vertex 1.5 -2.25 2.5
      vertex 2.03033 -2.03033 2.5
    endloop
  endfacet
  facet normal -0.382684 0.923879 0
    outer loop
      vertex 1.5 -2.25 2.5
      vertex 2.03033 -2.03033 -2.5
      vertex 1.5 -2.25 -2.5
    endloop
  endfacet
  facet normal -1 0 0
    outer loop
      vertex 2.25 -1.5 -2.5
      vertex 2.25 1.5 2.5
      vertex 2.25 1.5 -2.5
    endloop
  endfacet
  facet normal -1 -0 0
    outer loop
      vertex 2.25 1.5 2.5
      vertex 2.25 -1.5 -2.5
      vertex 2.25 -1.5 2.5
    endloop
  endfacet
  facet normal -0.923879 -0.382684 0
    outer loop
      vertex 2.25 1.5 -2.5
      vertex 2.03033 2.03033 2.5
      vertex 2.03033 2.03033 -2.5
    endloop
  endfacet
  facet normal -0.923879 -0.382684 0
    outer loop
      vertex 2.03033 2.03033 2.5
      vertex 2.25 1.5 -2.5
      vertex 2.25 1.5 2.5
    endloop
  endfacet
  facet normal 0.923879 0.382684 0
    outer loop
      vertex -2.03033 -2.03033 2.5
      vertex -2.25 -1.5 -2.5
      vertex -2.25 -1.5 2.5
    endloop
  endfacet
  facet normal 0.923879 0.382684 0
    outer loop
      vertex -2.25 -1.5 -2.5
      vertex -2.03033 -2.03033 2.5
      vertex -2.03033 -2.03033 -2.5
    endloop
  endfacet
endsolid OpenSCAD_Model
